%YAML:1.0
---
UsedFramework: OPENCV
imageSize: [ 640, 480 ]
M1: !!opencv-matrix
   rows: 3
   cols: 3
   dt: d
   data: [ 8.3989112262422441e+02, 0., 3.4454413830604187e+02, 0.,
       8.3866908122968903e+02, 2.3119487248843470e+02, 0., 0., 1. ]
D1: !!opencv-matrix
   rows: 1
   cols: 5
   dt: d
   data: [ -8.8422100370620302e-02, 1.4867549353959977e+00, 0., 0., 0. ]
M2: !!opencv-matrix
   rows: 3
   cols: 3
   dt: d
   data: [ 2.2411202590760827e+03, 0., 4.1466297459558325e+02, 0.,
       2.2397827248217445e+03, 1.9411814696822125e+02, 0., 0., 1. ]
D2: !!opencv-matrix
   rows: 1
   cols: 5
   dt: d
   data: [ -2.7506881121532872e-01, 9.2956256597305558e+00, 0., 0., 0. ]
Rotate: !!opencv-matrix
   rows: 3
   cols: 3
   dt: d
   data: [ 9.6650115315198870e-01, -4.2884254223891700e-02,
       2.5305426630574057e-01, 2.9912744138599113e-02,
       9.9804434593869962e-01, 5.4888170655360315e-02,
       -2.5491321796637922e-01, -4.5479932711624364e-02,
       9.6589379697074951e-01 ]
T: [ -3.5097487068175981e-01, 9.5802360328985179e-03,
    1.3204101307773715e+00 ]
E: !!opencv-matrix
   rows: 3
   cols: 3
   dt: d
   data: [ -4.1939219195981328e-02, -1.3182635738326722e+00,
       -6.3221406035482652e-02, 1.1867097803190765e+00,
       -7.2587117230136389e-02, 6.7313986735065745e-01,
       -1.9757930679046042e-02, -3.4987764397293697e-01,
       -2.1688688198064403e-02 ]
F: !!opencv-matrix
   rows: 3
   cols: 3
   dt: d
   data: [ -3.5593205578764588e-06, -1.1204213417232864e-04,
       2.2623466737600142e-02, 1.0077447742516741e-04,
       -6.1730236460278416e-06, 1.4716206767402790e-02,
       -2.1844206995559435e-02, -1.8985890447012786e-02, 1. ]
